VALIDinit: "3335355312" init_end: "3335478020" 
VALUES: [3335433354] 
VALIDinit: "62597156" init_end: "62638027" 
VALUES: [62606260, 62616261, 62626262, 62636263] 
VALIDinit: "94888325" init_end: "95016472" 
VALUES: [94889488, 94899489, 94909490, 94919491, 94929492, 94939493, 94949494, 94959495, 94969496, 94979497, 94989498, 94999499, 95009500] 
VALIDinit: "4653" init_end: "6357" 
VALUES: [4747, 4848, 4949, 5050, 5151, 5252, 5353, 5454, 5555, 5656, 5757, 5858, 5959, 6060, 6161, 6262] 
VALIDinit: "54" init_end: "79" 
VALUES: [55, 66, 77] 
VALIDinit: "1" init_end: "19" 
VALUES: [11] 
NOT VALIDinit: "314" init_end: "423" 
NOT VALIDinit: "472" init_end: "650" 
VALIDinit: "217886" init_end: "298699" 
VALUES: [218218, 219219, 220220, 221221, 222222, 223223, 224224, 225225, 226226, 227227, 228228, 229229, 230230, 231231, 232232, 233233, 234234, 235235, 236236, 237237, 238238, 239239, 240240, 241241, 242242, 243243, 244244, 245245, 246246, 247247, 248248, 249249, 250250, 251251, 252252, 253253, 254254, 255255, 256256, 257257, 258258, 259259, 260260, 261261, 262262, 263263, 264264, 265265, 266266, 267267, 268268, 269269, 270270, 271271, 272272, 273273, 274274, 275275, 276276, 277277, 278278, 279279, 280280, 281281, 282282, 283283, 284284, 285285, 286286, 287287, 288288, 289289, 290290, 291291, 292292, 293293, 294294, 295295, 296296, 297297, 298298] 
VALIDinit: "58843645" init_end: "58909745" 
VALUES: [58845884, 58855885, 58865886, 58875887, 58885888, 58895889, 58905890] 
VALIDinit: "2799" init_end: "3721" 
VALUES: [2828, 2929, 3030, 3131, 3232, 3333, 3434, 3535, 3636] 
VALIDinit: "150748" init_end: "178674" 
VALUES: [151151, 152152, 153153, 154154, 155155, 156156, 157157, 158158, 159159, 160160, 161161, 162162, 163163, 164164, 165165, 166166, 167167, 168168, 169169, 170170, 171171, 172172, 173173, 174174, 175175, 176176, 177177, 178178] 
NOT VALIDinit: "9084373" init_end: "9176707" 
VALIDinit: "1744" init_end: "2691" 
VALUES: [1818, 1919, 2020, 2121, 2222, 2323, 2424, 2525, 2626] 
VALIDinit: "17039821" init_end: "17193560" 
VALUES: [17041704, 17051705, 17061706, 17071707, 17081708, 17091709, 17101710, 17111711, 17121712, 17131713, 17141714, 17151715, 17161716, 17171717, 17181718, 17191719] 
NOT VALIDinit: "2140045" init_end: "2264792" 
VALIDinit: "743" init_end: "1030" 
VALUES: [1010] 
VALIDinit: "6666577818" init_end: "6666739950" 
VALUES: [6666666666] 
NOT VALIDinit: "22946" init_end: "32222" 
NOT VALIDinit: "58933" init_end: "81008" 
NOT VALIDinit: "714665437" init_end: "714803123" 
VALIDinit: "9972438" init_end: "10023331" 
VALUES: [10001000, 10011001, 10021002] 
VALIDinit: "120068" init_end: "142180" 
VALUES: [120120, 121121, 122122, 123123, 124124, 125125, 126126, 127127, 128128, 129129, 130130, 131131, 132132, 133133, 134134, 135135, 136136, 137137, 138138, 139139, 140140, 141141, 142142] 
NOT VALIDinit: "101" init_end: "120" 
VALIDinit: "726684" init_end: "913526" 
VALUES: [726726, 727727, 728728, 729729, 730730, 731731, 732732, 733733, 734734, 735735, 736736, 737737, 738738, 739739, 740740, 741741, 742742, 743743, 744744, 745745, 746746, 747747, 748748, 749749, 750750, 751751, 752752, 753753, 754754, 755755, 756756, 757757, 758758, 759759, 760760, 761761, 762762, 763763, 764764, 765765, 766766, 767767, 768768, 769769, 770770, 771771, 772772, 773773, 774774, 775775, 776776, 777777, 778778, 779779, 780780, 781781, 782782, 783783, 784784, 785785, 786786, 787787, 788788, 789789, 790790, 791791, 792792, 793793, 794794, 795795, 796796, 797797, 798798, 799799, 800800, 801801, 802802, 803803, 804804, 805805, 806806, 807807, 808808, 809809, 810810, 811811, 812812, 813813, 814814, 815815, 816816, 817817, 818818, 819819, 820820, 821821, 822822, 823823, 824824, 825825, 826826, 827827, 828828, 829829, 830830, 831831, 832832, 833833, 834834, 835835, 836836, 837837, 838838, 839839, 840840, 841841, 842842, 843843, 844844, 845845, 846846, 847847, 848848, 849849, 850850, 851851, 852852, 853853, 854854, 855855, 856856, 857857, 858858, 859859, 860860, 861861, 862862, 863863, 864864, 865865, 866866, 867867, 868868, 869869, 870870, 871871, 872872, 873873, 874874, 875875, 876876, 877877, 878878, 879879, 880880, 881881, 882882, 883883, 884884, 885885, 886886, 887887, 888888, 889889, 890890, 891891, 892892, 893893, 894894, 895895, 896896, 897897, 898898, 899899, 900900, 901901, 902902, 903903, 904904, 905905, 906906, 907907, 908908, 909909, 910910, 911911, 912912] 
VALIDinit: "7575737649" init_end: "7575766026" 
VALUES: [] 
VALIDinit: "8200" init_end: "11903" 
VALUES: [8282, 8383, 8484, 8585, 8686, 8787, 8888, 8989, 9090, 9191, 9292, 9393, 9494, 9595, 9696, 9797, 9898, 9999] 
VALIDinit: "81" init_end: "96" 
VALUES: [88] 
VALIDinit: "540949" init_end: "687222" 
VALUES: [541541, 542542, 543543, 544544, 545545, 546546, 547547, 548548, 549549, 550550, 551551, 552552, 553553, 554554, 555555, 556556, 557557, 558558, 559559, 560560, 561561, 562562, 563563, 564564, 565565, 566566, 567567, 568568, 569569, 570570, 571571, 572572, 573573, 574574, 575575, 576576, 577577, 578578, 579579, 580580, 581581, 582582, 583583, 584584, 585585, 586586, 587587, 588588, 589589, 590590, 591591, 592592, 593593, 594594, 595595, 596596, 597597, 598598, 599599, 600600, 601601, 602602, 603603, 604604, 605605, 606606, 607607, 608608, 609609, 610610, 611611, 612612, 613613, 614614, 615615, 616616, 617617, 618618, 619619, 620620, 621621, 622622, 623623, 624624, 625625, 626626, 627627, 628628, 629629, 630630, 631631, 632632, 633633, 634634, 635635, 636636, 637637, 638638, 639639, 640640, 641641, 642642, 643643, 644644, 645645, 646646, 647647, 648648, 649649, 650650, 651651, 652652, 653653, 654654, 655655, 656656, 657657, 658658, 659659, 660660, 661661, 662662, 663663, 664664, 665665, 666666, 667667, 668668, 669669, 670670, 671671, 672672, 673673, 674674, 675675, 676676, 677677, 678678, 679679, 680680, 681681, 682682, 683683, 684684, 685685, 686686] 
NOT VALIDinit: "35704" init_end: "54213" 
VALIDinit: "991404" init_end: "1009392" 
VALUES: [991991, 992992, 993993, 994994, 995995, 996996, 997997, 998998, 999999] 
VALIDinit: "335082" init_end: "425865" 
VALUES: [335335, 336336, 337337, 338338, 339339, 340340, 341341, 342342, 343343, 344344, 345345, 346346, 347347, 348348, 349349, 350350, 351351, 352352, 353353, 354354, 355355, 356356, 357357, 358358, 359359, 360360, 361361, 362362, 363363, 364364, 365365, 366366, 367367, 368368, 369369, 370370, 371371, 372372, 373373, 374374, 375375, 376376, 377377, 378378, 379379, 380380, 381381, 382382, 383383, 384384, 385385, 386386, 387387, 388388, 389389, 390390, 391391, 392392, 393393, 394394, 395395, 396396, 397397, 398398, 399399, 400400, 401401, 402402, 403403, 404404, 405405, 406406, 407407, 408408, 409409, 410410, 411411, 412412, 413413, 414414, 415415, 416416, 417417, 418418, 419419, 420420, 421421, 422422, 423423, 424424, 425425] 
NOT VALIDinit: "196" init_end: "268" 
NOT VALIDinit: "3278941" init_end: "3383621" 
VALIDinit: "915593" init_end: "991111" 
VALUES: [915915, 916916, 917917, 918918, 919919, 920920, 921921, 922922, 923923, 924924, 925925, 926926, 927927, 928928, 929929, 930930, 931931, 932932, 933933, 934934, 935935, 936936, 937937, 938938, 939939, 940940, 941941, 942942, 943943, 944944, 945945, 946946, 947947, 948948, 949949, 950950, 951951, 952952, 953953, 954954, 955955, 956956, 957957, 958958, 959959, 960960, 961961, 962962, 963963, 964964, 965965, 966966, 967967, 968968, 969969, 970970, 971971, 972972, 973973, 974974, 975975, 976976, 977977, 978978, 979979, 980980, 981981, 982982, 983983, 984984, 985985, 986986, 987987, 988988, 989989, 990990] 
VALIDinit: "32" init_end: "47" 
VALUES: [33, 44] 
VALIDinit: "431725" init_end: "452205" 
VALUES: [432432, 433433, 434434, 435435, 436436, 437437, 438438, 439439, 440440, 441441, 442442, 443443, 444444, 445445, 446446, 447447, 448448, 449449, 450450, 451451] 
